pose:
  position:
    x: -0.170958548784
    y: 0.175409585238
    z: 1.46230447292
  orientation:
    x: 0.0196360237896
    y: -0.0317247249186
    z: 0.00894943345338
    w: 0.999263763428

